greeter	screener	dispenser	medic	resources	throughput	time
4	1	6	1	12	475.666666667	71.7808814274
5	1	6	1	13	468.333333333	69.3337219304
4	3	6	1	14	469.333333333	60.862781476
4	6	6	1	17	452.333333333	52.1886880486
4	3	6	5	18	470.333333333	53.7938371425
4	1	14	1	20	1076.33333333	57.8971114239
4	6	6	5	21	460.0	47.2520015079
5	1	14	1	21	1109.33333333	63.2225139668
5	6	6	5	22	463.666666667	46.5414881254
4	3	14	1	22	1078.33333333	54.0855029789
5	6	6	6	23	473.333333333	46.52717292
4	1	14	5	24	1107.66666667	57.749957887
4	6	14	1	25	1104.33333333	50.665203056
5	1	14	5	25	1117.0	59.9107436169
4	3	14	5	26	1077.33333333	45.8381198967
4	1	20	1	26	1485.33333333	54.8565380688
5	1	20	1	27	1507.66666667	59.3984417709
4	3	20	1	28	1496.0	45.2904599291
1	17	6	5	29	467.666666667	35.4868106093
4	6	14	5	29	1059.0	40.1971203834
4	10	14	1	29	1086.0	43.0052908418
5	3	20	1	29	1515.0	51.4671176194
4	6	20	1	31	1510.33333333	45.0620340283
9	1	20	1	31	1517.0	60.4679018405
4	3	20	5	32	1525.66666667	40.0675488394
5	6	20	1	32	1570.66666667	43.02567237
4	10	14	5	33	1072.0	39.6437984365
4	1	27	1	33	1876.0	48.9103158298
5	1	27	1	34	2042.66666667	57.4980472591
4	6	20	5	35	1536.66666667	34.8971197645
4	3	27	1	35	2008.0	41.4156174451
5	6	20	5	36	1562.0	36.4660267258
5	3	27	1	36	2100.66666667	40.9875439626
4	6	27	1	38	1996.0	34.4085287111
4	3	27	5	39	2013.33333333	33.5275411928
5	6	27	1	39	2023.0	34.8390073785
4	6	25	5	40	1913.66666667	29.9195802315
4	6	27	5	42	1991.0	29.2097838376
5	6	27	5	43	2064.66666667	31.8322021842
12	3	27	1	43	2116.66666667	56.0523941191
5	1	38	1	45	2348.33333333	48.1660011728
4	10	27	5	46	2043.66666667	28.1275918346
4	3	38	1	46	2258.66666667	42.0974395344
5	1	39	1	46	2328.0	47.1947728574
5	3	38	1	47	2705.66666667	35.7548808902
4	6	38	1	49	2465.66666667	30.2079045704
9	1	38	1	49	2907.66666667	53.9198565477
4	6	35	5	50	2491.66666667	23.8305736132
5	6	38	1	50	2796.0	29.7251654063
9	1	39	1	50	3032.0	55.4533403182
5	6	39	1	51	2944.66666667	32.1553190546
9	1	41	1	52	3139.33333333	55.5956258525
4	6	38	5	53	2462.66666667	23.5698564525
5	6	41	1	53	2978.66666667	26.3752935746
12	1	39	1	53	2991.33333333	50.8627181896
4	6	39	5	54	2501.66666667	23.6830389477
5	6	38	5	54	2840.33333333	24.3579630837
9	1	39	5	54	2982.33333333	50.5031897175
5	6	39	5	55	2927.66666667	23.6657734318
13	3	39	1	56	2998.66666667	49.2779566019
5	6	41	5	57	3035.0	22.8326065909
9	6	41	1	57	3088.33333333	52.1108207684
5	6	41	6	58	3042.33333333	22.7027592844
5	6	46	1	58	3076.33333333	30.8527418575
9	3	41	5	58	3136.66666667	44.8834803434
9	1	47	1	58	3444.33333333	48.3686857298
5	6	47	1	59	3082.33333333	28.3161368641
9	3	46	1	59	3489.33333333	47.4769005078
9	3	47	1	60	3564.66666667	46.1272796203
5	10	41	5	61	3059.66666667	22.3619500104
9	6	41	5	61	3131.0	37.099023551
12	1	47	1	61	3593.66666667	47.9050446503
5	6	46	5	62	3081.66666667	22.3401371878
9	6	41	6	62	3144.66666667	37.0690240064
5	6	47	5	63	3063.0	22.2195674571
9	12	41	1	63	3112.66666667	36.2634432811
9	3	46	5	63	3540.66666667	41.6920575652
9	3	47	5	64	3609.0	40.3482179069
13	3	47	1	64	3626.0	50.5884557064
9	10	41	5	65	3119.33333333	28.9430828007
5	10	46	5	66	3080.0	22.0846818524
9	10	41	6	66	3101.0	28.7862930219
9	6	46	5	66	3510.66666667	34.8248415097
9	1	55	1	66	4038.66666667	44.8836339033
9	12	41	5	67	3144.33333333	29.7675581584
9	6	47	5	67	3634.0	34.8441494377
9	12	41	6	68	3110.66666667	28.7398424295
12	10	41	5	68	3186.66666667	33.0084501477
9	6	47	6	68	3673.0	34.1987563318
9	3	55	1	68	4130.0	42.1222412654
5	12	47	5	69	3107.66666667	21.925357728
9	12	41	7	69	3114.66666667	28.6140910307
9	6	47	7	69	3672.0	34.0483785959
12	1	55	1	69	4137.33333333	45.001542176
9	10	46	5	70	3496.0	26.6381779058
9	10	46	6	71	3462.0	26.5820030328
9	10	47	5	71	3578.66666667	26.7168846579
9	6	47	9	71	3654.0	33.8646734342
9	10	47	6	72	3589.0	26.726482117
9	3	55	5	72	4103.0	37.6398070597
13	3	55	1	72	4182.33333333	53.6181745878
9	3	60	1	73	4419.33333333	47.9461242669
9	3	57	5	74	4288.33333333	36.5489697573
12	1	60	1	74	4494.33333333	42.4568428758
9	12	47	7	75	3617.0	26.669679805
9	6	55	5	75	4159.66666667	31.6953701501
9	6	55	6	76	4130.33333333	31.2474220896
9	6	60	1	76	4546.33333333	40.8009540024
12	12	47	6	77	3623.0	26.5749146884
9	6	57	5	77	4334.0	29.3702601379
9	3	60	5	77	4411.0	35.3116080928
12	12	47	7	78	3630.33333333	26.3856144937
9	6	57	6	78	4328.66666667	29.1079565553
9	10	55	5	79	4187.0	23.7206588803
9	6	57	7	79	4316.66666667	29.0522114903
13	1	60	5	79	4596.33333333	42.6477544793
9	10	55	6	80	4139.66666667	23.5580018541
9	6	60	5	80	4519.33333333	28.3572410174
9	10	60	1	80	4587.33333333	37.1567404138
12	3	60	5	80	4604.33333333	38.7886238639
9	10	57	5	81	4282.66666667	22.84583155
9	6	60	6	81	4528.0	28.0486196658
9	10	57	6	82	4257.0	22.6983895584
16	1	60	5	82	4631.0	42.3383555529
9	10	57	7	83	4290.33333333	22.6171020037
9	12	57	5	83	4328.0	22.7410775697
12	6	60	5	83	4632.33333333	33.4482994394
9	10	60	5	84	4516.66666667	22.0919341526
12	6	60	6	84	4622.0	33.3280763175
9	10	60	6	85	4513.66666667	21.80480286
9	10	60	7	86	4502.33333333	21.1539930739
9	12	60	5	86	4506.0	21.3349599315
9	12	60	6	87	4532.0	21.2999159436
9	10	60	11	90	4529.66666667	21.064383447
12	12	60	6	90	4537.0	22.9046567281
12	14	60	5	91	4559.66666667	23.247942867
12	15	60	6	93	4540.0	22.4113647327
20	22	47	5	94	3639.0	20.6098299178
12	15	60	7	94	4548.0	22.3689195666
19	14	60	1	94	4679.33333333	43.4729869759
20	22	47	6	95	3609.33333333	20.3538610181
12	12	60	11	95	4550.0	22.9734705402
15	13	60	7	95	4601.0	24.3885129347
16	15	60	5	96	4638.66666667	22.7634523812
19	12	60	5	96	4657.0	27.8110630861
20	24	47	6	97	3638.66666667	20.0324765992
9	22	60	6	97	4604.33333333	21.3591378951
16	15	60	6	97	4636.66666667	22.4450089233
19	12	60	6	97	4688.33333333	27.0365418061
20	24	47	7	98	3658.0	19.8235920403
19	12	60	7	98	4696.66666667	26.7333602929
20	24	47	9	100	3648.0	19.7943826689
20	15	60	5	100	4651.66666667	23.7094430802
20	15	60	6	101	4675.33333333	23.9446688536
9	22	60	11	102	4577.0	20.9771243469
20	15	60	7	102	4670.66666667	23.5520554821
19	12	60	11	102	4710.66666667	26.5873375043
20	22	55	7	104	4145.33333333	19.5443019487
20	22	57	5	104	4344.66666667	19.9756474466
19	24	55	7	105	4170.0	19.3048203648
19	24	57	6	106	4315.0	18.6511829816
22	22	57	6	107	4373.66666667	19.0166755932
20	22	60	5	107	4639.0	19.6434785354
22	22	57	7	108	4413.33333333	18.3170033766
20	22	60	6	108	4629.33333333	19.2547760468
20	22	60	7	109	4633.66666667	19.1487996085
18	26	60	5	109	4637.66666667	19.2880478066
19	24	60	7	110	4580.66666667	18.2668396304
20	24	60	6	110	4654.66666667	19.3712135384
22	22	60	7	111	4562.66666667	17.8336095441
18	26	60	7	111	4592.33333333	19.0035918244
19	22	60	11	112	4603.33333333	18.0997367738
20	22	60	11	113	4610.66666667	17.6567372874
20	26	60	11	117	4629.66666667	17.911609566
20	39	60	6	125	4631.66666667	19.0305875633
20	39	60	7	126	4660.33333333	18.7308353438
40	27	60	6	133	4612.66666667	17.6016559099
40	27	60	7	134	4625.66666667	17.6323285461
40	27	60	11	138	4622.0	17.4298013779
